0.109522610176
1.0
0.218470374531
0.149922398833
0.0772769570827
0.13328691609
0.212186015066
0.170635212178
0.095088686656
0.181871224436
0.166913658424
0.0199089071303
0.106077985353
0.0256730922032
0.0315601138602
0.018729840267
0.0447094203195
0.0293262668816
0.0171526748741
0.13256490023
0.216700321865
0.00482748823988
0.0601598035322
0.318292568199
0.0558200314155
0.0400790252996
0.00980996612837
0.0300960093404
0.385604576848
0.334932327562
0.0413864038806
0.32120205551
0.0191447797137
0.17175957222
0.103136341731
0.0412166718064
0.039087642273
0.117417711645
0.0354256475015
0.309548338967
0.0699379686687
0.109319684977
0.0683588602152
0.048218295598
0.178718343091
0.124392100189
0.0372781661617
0.126389559544
0.118564664064
0.0247259090408
0.0380272517973
0.0519373477346
0.0980714271587
0.0604218064467
0.1104885711
0.133106637831
0.100870385014
0.0599869202588
0.103446431887
0.0415541650555
0.0449544087135
0.0273905575261
0.0219593807179
0.0396944895896
0.258794226014
0.216700321865
0.131409684232
0.0692541326228
0.1101336257
0.109522610176
0.0541534228496
0.0421697623682
0.0985337638783
0.0336577831963
0.0537813421017
0.231517315728
0.225622045351
0.141742616775
0.117085626295
0.163072340386
0.143773114625
0.5
0.11236091947
0.129698641334
0.0190497667026
0.5
0.5
0.0762886006672
0.0315545183523
0.0345470667335
0.0361504380736
0.0292884657777
0.052723826421
0.0513557657815
0.0451333139237
0.108528176645
0.051617944419
0.0798548850225
0.0641412071228
0.11633675673
0.039735670024
0.0655488515813
0.128074070978
0.118333725718
0.120620276494
0.0759133222812
0.206046060377
0.210444208554
0.0915876692265
0.0192988029771
0.0357054521556
0.16452834021
0.0715241550142
0.0372313835459
0.0527405052063
0.0772189024879
0.0603695139687
0.0701223356516
0.0787418429481
0.0500716837488
0.0328226548099
0.127299471045
0.0672159801312
0.151765548419
0.15208219852
0.339298515341
0.0868113644421
0.251002271554
0.0357334396389
0.0814936164996
0.0750051563535
0.060835636563
0.0512363934483
0.0428202134612
0.0503819235154
0.0401659596439
0.0413438715663
0.0297608946898
0.0847315666358
0.0487166724496
0.113421993067
0.0288108568626
0.115818755015
0.204989704272
0.178324584713
0.292402474502
0.0730683856849
0.0588834121668
0.0129631120454
0.0500597246359
0.028130119186
0.0227737354788
0.108445152115
0.0745235253754
0.5
0.117547433368
0.0398031776837
0.0202225946669
0.128576374756
0.200504934543
0.0681402130012
0.068131549909
0.053094025254
0.0315741584971
0.331657972278
0.17734327693
0.075817202994
0.0380338352046
0.131919716102
0.0336082035288
0.0504324326351
0.0845857202519
0.0464517152433
0.22573603454
0.0669333039024
0.32102059212
0.0930834742613
0.190221747056
0.293012253298
0.0332148329551
0.0820491611487
0.0724475171292
0.118092177864
0.0767129384236
0.0371987789738
0.0575435768508
0.0343849573124
0.0192600499905
0.106916675812
0.0978269854676
0.0728826212271
0.102898751761
0.134293682406
0.0405253762486
0.0408850343608
0.0618085216731
0.335062191669
0.177885595717
0.0850692502638
0.156058566109
0.134144145714
