0.23186425195
1.0
0.177627643941
0.226715945516
0.330823532232
0.176074226762
0.398211408696
0.343261645775
0.207989820485
0.177590535115
0.25957624714
0.0717291889702
0.130824583753
0.0938772168041
0.0641286368102
0.0253825759565
0.0916095518963
0.065206323622
0.0611446730633
0.234847242683
0.381382457444
0.00440274148173
0.0230699482725
0.311951089982
0.0506483597501
0.10795533449
0.071495746367
0.0607131447232
0.457453532269
0.235671539923
0.0459191747847
0.317721706536
0.0870165161858
0.263100444187
0.305633080863
0.0813068254676
0.0789406611116
0.231519850433
0.0921528019658
0.362269104121
0.206194995123
0.223452281398
0.155799800609
0.0498026458659
0.188870463252
0.201742445801
0.324229367318
0.119432684532
0.146909233882
0.0455421818633
0.0558461362308
0.0577170738061
0.0760326298238
0.0578362537515
0.113610439612
0.0807270188782
0.0933458786649
0.0703140269703
0.127283679758
0.0746094529986
0.0694476512403
0.0402444604462
0.024138017376
0.0218740661688
0.232048079481
0.381382457444
0.228278100203
0.100965588847
0.252487695545
0.113247866008
0.144066683195
0.155192527681
0.208820621361
0.0693871835762
0.128228744879
0.284019347516
0.312623989887
0.197743152946
0.158136750272
0.260823106074
0.18181241624
0.0631502601181
0.0758121500215
0.0529525062217
0.0439385561378
0.0381827181983
0.0641853362553
0.0690282082042
0.0300299902569
0.048355391179
0.0703985371651
0.0310623728626
0.101154417922
0.0684546102775
0.173343598729
0.0354155438371
0.0190820356947
0.135669870665
0.069252706281
0.170089315621
0.0330604437701
0.0875378013458
0.205684096003
0.100590644485
0.189679330171
0.0614890372679
0.302590828421
0.232564335773
0.0878973636185
0.044066649648
0.0687839123219
0.0885685691486
0.0947887134457
0.0644824212989
0.0678653830275
0.1310960785
0.0922264039712
0.137181211975
0.0632414430092
0.135320931032
0.0731257865822
0.114805903236
0.0707245552895
0.157332073084
0.0401692155932
0.334990998416
0.0874580772924
0.303087843506
0.106356076317
0.0978464518643
0.0753270355177
0.0745926440343
0.102298624938
0.0643309977736
0.112496686851
0.100625264808
0.175546107787
0.0381693274347
0.125146097883
0.0565044093404
0.25742075487
0.1274034268
0.124912378617
0.100663161885
0.0992592922602
0.170622818774
0.125551250337
0.0950158170399
0.0200450391479
0.141104638254
0.0329981487502
0.135196053773
0.104862279959
0.0966017615982
0.204077421891
0.300495609037
0.0611407701088
0.0625548262489
0.11113257581
0.25899476125
0.0399614433142
0.166341110262
0.126249340389
0.0743746844851
0.424716187626
0.182299798215
0.119361209218
0.30457718326
0.257303673315
0.153627031252
0.102947405114
0.118362270514
0.105290846908
0.355281646932
0.038413126345
0.477746155802
0.0809296630935
0.208751306536
0.183000471484
0.110556615776
0.0606573545838
0.0651083073028
0.0768778774743
0.141754025163
0.100484321466
0.201596222848
0.0423417222267
0.0524302130826
0.151868397143
0.0776489657767
0.100333598864
0.12979906529
0.118372769666
0.366682679818
0.40611463401
0.0742296421942
0.251881355774
0.129297142445
0.0761048542644
0.139303626719
0.179199785304
