0.130533158957
1.0
0.10527229872
0.12427920023
0.181603113962
0.0771639566018
0.262150210162
0.120894102346
0.0717534754436
0.136371708768
0.173059125164
0.0885720555737
0.122428248355
0.0295480673691
0.0159253331432
0.0253278897203
0.0379894003219
0.0165329579088
0.0106015718023
0.0664203746611
0.152171163805
0.00540232160217
0.00531849044447
0.222599193147
0.0442481290804
0.0608267022608
0.0322421013076
0.0162166936233
0.273858198293
0.138036415142
0.0216947268574
0.193897639916
0.0516338232691
0.21212822461
0.180248354313
0.0526697302313
0.0365850470539
0.220310163296
0.0723720293458
0.141127657369
0.0838731531317
0.103091497444
0.140763580938
0.0461226390204
0.183692136137
0.0651181485195
0.166641617236
0.0779650416946
0.070276328209
0.0374702534938
0.033357159402
0.0394415061545
0.0579642865254
0.0288664619294
0.149577785521
0.0256064229962
0.0887864235954
0.0811728312166
0.129338495801
0.0472650712546
0.030682424609
0.0247142902566
0.0298999017118
0.0171954637956
0.0987780222618
0.152171163805
0.103889718421
0.0595809896868
0.118577079304
0.0923702840586
0.080099099051
0.0843870170649
0.124482553409
0.0364756804928
0.0612875291184
0.233024630858
0.232294844152
0.150367393864
0.149339848418
0.139712934658
0.0962173939706
0.117794920479
0.0443953415933
0.0243865034815
0.059010422747
0.107017682726
0.0866204410638
0.0179149881496
0.0101840317089
0.0222066608236
0.0210237223919
0.0185139711927
0.0705854672163
0.0475631133137
0.0928164198659
0.5
0.0182845341748
0.0310936525006
0.0467983416826
0.0760143736906
0.0305778390345
0.0102882912683
0.0739187298224
0.0470275234826
0.0835162578628
0.0553111813174
0.0861084978755
0.091916026178
0.0983307100894
0.0399272491335
0.0564650737045
0.102974330163
0.0425848408968
0.0376650694867
0.0367554615509
0.0575387239196
0.0420891677342
0.0788775309556
0.0483577206834
0.0533992514415
0.0436167113463
0.0929388862809
0.0633352647934
0.0941015925263
0.01858973645
0.287365879312
0.0226115634827
0.166895049365
0.0761070133758
0.0653959108346
0.0650160131542
0.0294090612404
0.0403422917658
0.0354573822913
0.0649648677993
0.0457625077172
0.061317968942
0.0266168174974
0.0925612900544
0.0267791632912
0.12837426017
0.099370133391
0.0786668564476
0.043612306527
0.0836886496715
0.157146625085
0.0463261684121
0.0475124426719
0.0221011174373
0.178638734368
0.0348380027202
0.0332075369587
0.0431443018365
0.110370192654
0.0455314231888
0.110725587918
0.0164535961297
0.0298481106887
0.0481135150025
0.163621700185
1.0
0.0476947600041
0.0888426987348
0.0378143606269
0.29548786071
0.0208660111675
0.0918644024931
0.0361642450108
0.0303322751945
0.0265403230018
0.0228546547224
0.0787978555078
0.0566217031189
0.298069247227
0.0192816180525
0.232328502863
0.0719319823608
0.902659915091
0.0559395856806
0.0447766385114
0.0083304124812
0.0880994614629
0.0732425998285
0.0511895513283
0.0257615535119
0.205564862379
0.0561509830181
0.0276865255146
0.0954763962715
0.0379559635412
0.0772744247378
0.0949926129188
0.0999944895504
0.256122240079
0.275010473281
0.0812129638674
0.288802494148
0.126298354337
0.0378852230099
0.0373402809505
0.0812357358722
