-0.0751765993845
0.5
0.601392552558
0.5
0.21461517587
-0.0587832344739
0.16015259011
-0.00362128335225
0.5
0.5
0.11574850869
0.432697821469
0.538180038606
0.0922243951549
0.013311979461
0.5
0.104084484966
0.072740591083
0.902606784603
0.739472696228
0.237796084328
0.522172091384
0.5
0.125792660091
0.107913826146
0.579728588345
0.0771558349749
0.200204725854
0.384574641785
0.166156932265
0.0322391467606
0.664014740951
0.371715362473
0.5
0.5
0.00148254103012
0.127808743263
0.391121088854
0.174923572073
-0.0273240613782
0.5
0.787261758731
0.5
0.45618357443
0.321980104954
0.547545434853
0.288960054285
0.182949306762
0.513944387866
0.0393613330814
0.0946123014577
0.446033184853
0.0156539298993
0.208141888485
0.0789474979266
0.307308203021
0.131513576529
0.052959026294
0.5
0.0646549996513
0.170184619708
0.5
0.22314714461
0.282144657947
0.340275656791
0.00806878798596
0.179056524095
-0.0289502957098
0.137644717112
0.5
0.0194232477878
0.0920775474245
0.25742252844
0.0745458511772
0.170511270399
0.36195422729
0.700097120993
0.160108775486
0.0202172813115
0.044363755509
0.0014405832378
0.5
0.5
0.34922463083
0.5
0.0950337752428
0.404037519642
0.310139522123
0.152714030735
0.0334364194037
-0.0650390440968
0.5
0.101996361059
0.0148733413962
0.123976094408
0.0856420262001
0.236932475995
-0.020476686051
0.0197969711774
0.00645470514924
0.0453434204398
0.670770662856
0.686434996639
-0.0777235695541
-0.00643773774955
0.0819086084324
0.0674003416342
0.0732927477736
0.24920689303
0.0254557672498
0.2231388562
0.5
0.0345523700168
0.0356517237211
0.5
0.136779442695
0.672306239924
0.802200224465
0.148722701439
0.43737253654
0.232521994816
0.108623514733
0.552292875416
0.00583090105857
0.0579650928638
0.0250791813052
0.0425124287026
-0.0451311055646
0.138541244101
0.5
0.0957872396027
0.509990768066
0.5
0.481579039798
0.565369421857
0.322858709479
0.252099717028
0.425447259831
0.452922736289
-0.0151603235449
0.120334512536
-0.0387836743332
-0.0443275207462
0.726539192286
0.5
0.0437404396311
-0.0640140613423
0.530616600118
0.0225920506713
0.109517822605
0.0648044974752
0.5
0.816926458137
0.0240234501537
-0.0234808834671
-0.0405076512694
0.0667936673805
0.148954765474
0.00955022572664
-0.0704893741909
0.5
-0.0127754175838
0.00450269547124
-0.00509158899755
0.0789443081672
0.0655598935355
0.472684593459
0.010189994832
0.218898524124
0.561885041528
0.0293194328282
0.561353111621
-0.0420285717065
0.0174625317986
0.0298010979359
0.5
0.192672301765
0.100070202311
0.5
0.5
0.0287484610771
0.5
0.699155715153
0.146559284048
0.249061553909
0.00613125576134
0.735222436827
0.0113797370946
0.0745961915406
0.0620326710315
0.0125915972875
0.00863567534904
0.000249277194787
0.5
0.0902426106153
0.694795832778
0.052708134888
0.097764237142
0.0212015575348
0.153602698104
0.377990243407
0.293116397417
0.224505803001
0.5
0.572357732611
0.5
0.409309391729
-0.0012189953771
0.297438311235
0.386999205975
0.142232833016
0.173661074564
0.5
0.154211179692
0.0966184057867
0.611908357181
0.291144248664
0.0578073857401
0.138593163003
0.139683676815
0.5
0.204391621541
0.0298598542699
0.692781754313
0.0015522049575
0.468170723456
0.0125452750611
0.0258534031472
0.5
0.0516012120684
0.435278996344
0.00606554024334
0.0883862904571
0.49026878539
-0.0269824183188
0.680701614897
-0.0354889931652
0.0745644790044
0.0215128365002
-0.0453980342629
0.0272744118979
0.114374634976
-0.0336811958835
0.0076620061086
-0.0333358146261
0.195897146593
0.0539600704085
-0.010880063475
0.598822880805
0.00867324882112
0.327319605514
0.5
0.41236514175
0.412625712331
0.401402237904
0.0973169889903
0.7780926859
0.013599153403
0.224774163827
-0.0406300321244
0.5
0.394379767944
0.280108582417
-0.0097223292721
0.0177698410763
0.110482019413
0.0293666154184
0.0970959964393
0.139108449156
0.208263452688
0.548133013631
0.472684610605
0.5
-0.0225400602619
0.191203960232
0.258210163673
0.715736655241
0.0921091740495
0.430158175653
-0.0101371915974
0.5
0.5
0.309615336894
-0.0126162120141
0.31524311672
0.0218533239249
0.5
0.018724369773
0.202000563536
0.0512201526668
0.394540060931
0.5
0.437760967541
0.5
-0.0210736003175
0.00706920451542
0.357167432633
-0.00972295443829
0.136589217557
0.825924337464
0.0459510428588
0.399334483942
0.0215532827056
0.315783490472
-0.0371426030585
0.167837293435
0.0344155632127
0.0233571288262
-0.0187532540517
0.292524809987
0.0143302022735
0.120926944357
0.0653860814815
0.0847002941779
0.5
0.0360848353143
-0.00258670017766
0.31353612053
0.095592791973
0.285585113985
0.00869565240768
0.5
0.57977768578
0.127433890167
0.183460879
0.5
-0.020544039435
0.5
0.611801172703
0.480145256354
0.428185225393
0.132231452661
0.250494643936
0.100039940292
0.202036339729
0.870356418731
-0.0228734188353
-0.0278742985934
0.0691918176438
0.609063246064
0.0859656583822
0.5
0.205007293535
0.507033925687
0.375011129971
-0.0222738248368
-0.0294398312582
0.0214092141883
0.459899261965
0.5
0.323413644897
0.0642018216678
0.0465359235031
0.738165514649
0.0938416073506
0.185434671488
0.34902223178
0.0498177014716
0.763137514328
0.526237269141
0.0657118670353
0.00637106422517
0.54438078778
0.670396325104
0.0617361111712
0.71714152583
0.440256547355
-0.0278121869365
0.5
0.477521135413
0.052188942805
0.00597066020285
0.00787387398494
-0.00940164157268
0.0309474427497
0.150336416153
0.5
0.498980562328
0.441900246087
-0.0935081263065
0.0910008401925
0.486350878219
0.765423327225
0.672718125
0.5
0.510845869538
0.111212744753
0.410132005674
0.0205154308847
0.00978179093965
0.248489325114
0.344026708724
-0.0194657300497
0.0409587610087
0.0408819279619
0.00305267160262
0.206184575162
0.436340339545
0.0916843327925
0.0442617976627
0.5
0.0658662732455
0.215575384029
0.218514171422
0.0114322474668
0.5
0.000325513391572
0.0586455113053
0.354697082593
0.0914335552519
0.365948315533
0.64561147301
0.131257255882
0.624922548365
0.310752678857
0.5
0.0641762754967
0.5
0.41672200312
-0.024384603151
0.0210320505709
0.455382512729
0.0274552280776
0.5
0.34019390618
0.716741501041
-0.0393180321877
0.5
-0.0288181315448
0.637599493611
0.405653428069
0.5
0.0315001373247
0.0114054120747
-0.0210585776142
0.0906656687225
0.5
0.0447092338882
0.223669228298
0.357868260359
0.372383024074
0.141233238202
0.224637192665
0.752378771248
0.158348099304
0.115596044621
-0.00509534870581
0.123136632865
0.400915341285
-0.0351077663954
0.203578989113
0.652584635445
0.053981193395
0.0524822488739
0.0494125158917
-0.0535238203814
0.0763953685115
0.420304968316
0.5
0.185712756994
0.5
-0.0126200867714
0.107829237575
0.277399736906
0.661853228593
0.0121530830216
0.0601194638029
0.5
-0.0217580563198
0.36160861403
0.5
0.5
-0.00637358237194
0.338324472307
0.128039028739
0.5
0.117643409071
0.5
-0.046409998493
-0.00625624805828
0.0423707321934
-0.042843755616
0.5
0.077044149171
0.00587906986975
0.00617582451157
-0.06612513248
0.0945504717548
0.119592463899
-0.000456282041654
0.00935784751093
0.356403013921
-0.0377257554662
0.05943196574
0.639513207921
0.270305436946
0.0645709066922
0.5
0.126620048593
0.255734343386
