0.010194055996
-0.0480165961653
0.282902889498
0.0375101107992
0.212471389225
0.0381149433515
0.242477411868
0.133080828757
0.5
0.5
0.16457925768
0.383617157592
0.440311652989
0.0937179875911
0.0315799961156
0.5
0.102165891769
0.00380655062945
0.952063202611
0.798369938361
0.181065101783
0.842007973378
0.185048700893
0.0577534200658
-0.0330577220771
0.585106197838
0.0486057642673
0.215576540867
0.411766516566
0.241631691131
0.198828707321
0.496680952578
0.156279442146
0.5
0.0289968537848
0.435034360195
0.0984041497316
0.394950204309
0.107345723585
0.0451858720374
0.5
0.541520997303
0.0725137592806
0.0466721066603
0.573338211858
0.873123480434
0.531485865112
0.720623129628
0.446664437244
0.000287456010599
0.017032292376
0.663468212795
-0.0117655754728
0.274366990313
0.090488968986
0.113407663123
0.0238994059046
0.0555154276486
0.39191149026
0.0898714654716
0.264989247023
0.469811520648
0.391125710557
0.737678272603
0.48157164325
0.489540906042
0.344716079598
0.116477984881
0.000997660117231
0.012022461862
0.0283618149024
0.203111679566
0.0718644040662
0.0897190051686
0.35133303634
0.641512657858
0.883901288874
0.17621949609
0.339132692835
0.0814521867933
0.0455691606953
0.304937838325
0.5
0.0922543462848
0.0238597748771
0.17978084242
0.564017002375
0.378790123595
0.384954783244
0.49817219699
-0.0101250750121
0.643237193582
0.310440843351
-0.0736345083598
0.497196953801
0.0859992575066
0.109222536276
0.0137406526778
0.025935134441
0.00899113123782
0.0233471642704
0.546901038211
0.813411034958
0.0778865200555
0.0733904516544
0.59411548932
0.0907142190349
0.15548373828
0.5
0.0386936985303
0.293100526772
0.292249106819
0.200092862655
-0.0185053080977
0.00733996471529
0.253954728813
0.574495955013
0.966379371104
0.189674031372
0.703023035828
0.0938119849801
0.255365507128
0.652510595996
0.654108492427
-0.00867932105367
0.0266262987261
0.157917503287
-0.00397897682682
0.0551049972436
0.5
0.800871041187
0.453401047052
0.5
0.75671888619
0.558874995996
0.297878732168
0.23206986232
0.685279678439
0.539785665609
-0.00719964718915
0.150047377661
0.0038370437729
0.137007049677
0.819902826396
0.123668704718
0.0675344310173
-0.00555305652903
0.629519591956
0.253476621953
0.0572525552596
0.531333054937
0.159764283948
0.841044956143
0.0577956336294
0.00205187803832
0.000913236522796
-0.0295579348507
0.112201470024
0.405461379486
-0.107942069823
0.5
0.111139635023
0.00638214529558
-0.0308522089577
0.0518978347011
0.0414244223232
0.421696988557
0.0981750485202
0.193028464836
0.536055145734
-0.0264726633339
0.879897920257
-0.0142018535477
0.0389319050583
-0.023020205241
0.349012399333
0.0638472680841
0.0399153288339
0.875164224811
0.0094473818359
0.0113456443686
0.5
0.636963776211
0.493440980096
0.525686954061
-0.0577432891062
0.874252659601
-0.00760149275553
0.120042014726
0.0672151032356
0.28498272891
0.154788492284
0.269819767584
0.0857837337994
0.758694614474
0.447617080394
0.660348030832
0.200186785558
0.13642209142
0.0123301854452
0.185104025225
0.628931804382
0.48445586674
0.450500331031
0.623463585556
0.026531661901
0.221062221463
-0.015916291897
-0.00966347977844
0.406583047741
0.0579127858071
0.0468159982715
0.5
0.484774125629
0.119477260055
0.712524862502
0.601576984835
0.00995506340226
0.0329916529341
0.0235297094788
0.0862497762479
0.0116881923965
0.159447810244
0.0459432697986
0.0163267652633
0.51465577205
0.0150605926429
0.227238855694
0.5
0.0721488798248
0.454198178578
0.00298313714149
0.0679174125821
0.519444112006
0.0805439220728
0.755298911668
0.124151326216
0.228658638481
0.519663746517
0.0514922958868
0.0346759032322
0.0410219229163
-0.00286145642186
0.00793438178186
0.318635484075
0.196210546316
-0.0632552813089
-0.0203944849625
0.312729018081
0.0140254255774
0.521426025607
0.140858401053
0.540291678098
0.721509076983
0.932784532706
0.414033946973
0.914944199255
0.00356127328243
0.728833174412
0.19379668385
0.646352226041
0.257376150519
0.0532620124674
0.221554170514
-0.0447252799577
0.304632880422
0.0291392169454
0.0140249058106
0.110294774549
0.228437674417
0.781194888414
0.567838360356
0.000824785401749
0.0447991804424
0.133999775139
0.0857808480458
0.698198306786
0.0809225117287
0.0817191032869
0.5
-0.0936774258511
-0.15702692961
0.835231159738
0.020113497638
0.0876162069857
0.0189699383777
0.94203673129
0.212801312012
-0.0275277382813
0.267950824363
0.798689896877
0.437854606092
0.289120331448
0.378742540068
0.117722485754
0.297859682239
0.412264956135
-0.0168266230568
0.485057802969
0.929048682321
0.0553305408547
0.0956335838447
0.123274341268
0.00841347947648
0.0584560834278
0.0870371958475
0.0438416831667
0.0392422711721
0.0824194025969
0.419916542913
0.467045015813
0.305813102882
0.0833462421165
0.0164095889638
0.0225708939082
-0.0215993485541
-0.0257946784986
0.369175587567
0.215627546956
0.276531183132
0.026705417509
0.231180992865
0.783206331403
0.112912810269
0.18670705185
0.332544867231
0.106759974468
0.201701069511
0.702185659632
0.2459639474
0.907960143291
0.0614400314969
0.466901395771
0.217596969662
0.336285008401
0.761145320392
0.024866224344
0.00441441056647
0.0308859939196
0.751881298532
0.030036913447
0.5
0.403396328018
0.730602030163
0.343756962236
0.307159881483
0.5
-0.024781386885
0.598505871317
0.0544518815481
0.29153674916
0.0198694310599
0.0119521770578
0.854851156404
0.0817249330694
0.0771526446205
0.321822168669
0.22377143632
0.753459313795
0.801972726132
0.576022470542
0.396996106156
0.702425015562
0.691125598171
0.617782426101
0.435119316776
0.566293991237
0.0420829291854
0.523034173246
0.854879462172
0.00112437287357
0.114616852571
0.0698017584754
0.0210224932044
0.0558395939198
0.595245690198
0.5
0.118823441359
0.255208100362
0.0641870518051
0.134482857403
0.782743168271
0.746652355693
0.784245881365
0.5
0.950359700461
0.08370933957
0.461555066015
-0.0736831156604
0.00214301185679
0.644789100156
0.161894615904
0.0496572421501
0.106610456276
-0.0265202533385
0.0148370532198
0.360628856222
0.852544879775
0.0750191600161
0.0262751740287
0.747682370873
0.0573440875914
0.253329230425
0.161373926518
0.351601688892
0.447620240911
-0.00986350426831
0.075713890256
-0.014291092442
0.63289955857
0.322151940856
0.80759505207
0.32972021108
0.5
0.213114990844
-0.00670692864415
0.0957711138871
0.234906736207
0.654597254953
-0.0185512303543
0.0251290710932
0.044432796177
0.0244702454711
0.0729394847299
0.450120758206
0.371967226753
0.00950561542626
0.772961726624
0.0269421692454
0.385354035532
0.295906116744
0.45558623982
0.072051724758
0.0387027568316
0.0546998760098
0.199666877881
0.0243310350573
0.0544823473094
0.103919838943
0.32194862154
0.372230242123
-0.167284914847
0.086008705355
0.572431401882
0.197095629235
0.5
-0.0324522810729
0.0454928406413
0.496721685428
-0.0478027622971
0.2498206655
0.901966931199
0.0683217011268
-0.00572608293995
0.0234231581508
-0.00624544143184
0.071759294159
0.342121588328
0.82364365725
0.0173881253583
0.0100720560258
-0.051398442005
0.0430735406982
0.396447727667
0.385348583523
-0.0328353938847
0.0306484055565
0.431241534717
0.0119318998244
0.0248534913009
0.714121422517
-0.00981722820984
-0.0265957342503
0.292501065316
0.0659170663954
0.5
0.083108113684
0.604225608733
0.0730972820409
0.0288596099139
0.0597258186276
0.00217027568472
-0.0124352179364
0.901470121844
0.0685674741776
0.240520544117
0.00595196436513
0.0310989411972
0.111177733399
0.258473969265
0.0263985255602
0.45571920036
0.0312599489778
0.0642983470773
0.57729403473
0.14055337717
0.0379905256636
0.421238356557
0.155539115935
0.371476337099
