0.054157330717
-0.0224610748754
0.573352171221
0.0065038734615
0.488500462573
0.0425216033659
0.175512219864
0.306567227179
0.5
0.5
0.145930741716
0.471995877028
0.663472194763
0.113528257914
0.00995189676345
0.900805656555
0.111441848497
0.0366342758443
0.951981514863
0.894181844911
0.251940506795
0.878214762779
0.134969208965
0.431835681979
0.0892293127617
0.703716497267
0.122515449036
0.179196113434
0.3034970686
0.273683063532
0.169245638005
0.544772229269
0.0629265179344
0.5
0.212354147071
0.132893345747
0.0656545516519
0.452822486041
0.11458388652
-0.0418225197279
0.5
0.709086728421
0.0937273414014
0.629764961032
0.437444006295
0.760438769777
0.747583571922
0.524622362303
0.763440970722
0.107872562378
0.101223958027
0.556207020747
0.0230645112472
0.225445254963
0.16305793396
0.0936778080239
0.120625516388
-0.00470959728887
0.544930172859
0.0161252941174
0.189285923566
0.461026717411
0.392267927511
0.697437222291
0.192906356835
0.117930719463
0.400740453278
0.201688405476
0.0726529762658
0.0691989155165
0.124235730074
0.160432992002
0.072172618584
0.0155810962943
0.189435532839
0.829009091172
0.372235012024
0.385446873928
0.175982017161
0.224933290349
0.045614369402
0.5
0.5
0.0849311959062
0.0472965008004
0.144866613263
-0.0141341388359
0.392318725249
0.59401310113
0.00796774418766
0.0515184224509
0.439052425192
0.446426626668
0.0608225067796
0.327267139013
0.161269130812
0.146968208515
-0.0706712794955
-0.0568256291156
-0.00149437730237
0.0696557648837
0.671319142494
0.679936381369
0.059652890322
0.0624817347809
0.758465783428
0.220097929976
0.137461911886
0.5713401619
0.0988397071722
0.580925263506
0.839718822555
0.139289963637
-0.0406988793302
-0.0117847474425
0.330243089199
0.886563543257
0.988076514288
0.150888907472
0.524032450442
0.0306220906446
0.184188973238
0.404037339178
0.441047264616
0.0545011166895
0.234972419941
0.10967503746
-0.0306418969972
0.0907060937111
1.0
0.208347995563
0.592667336572
0.5
0.637192417061
0.355742854006
0.140038757658
0.283472977612
0.717150449296
0.697048567497
-0.00204304701561
0.0639533562448
0.0634621590358
0.111380636226
0.790374854746
0.497930601492
0.0231218310177
0.0122223302141
0.615630489381
0.122573197277
-0.00489090475643
0.67138415824
0.0202241983643
0.50491012145
0.24210681512
0.0812510842014
0.0740840511496
0.5
0.276408971497
-0.0086828164417
-0.0388711095334
0.228575826988
0.217019753576
-0.0220775610202
-0.0140769409354
0.0108334644034
0.111097196334
0.603171256481
0.047834692469
0.0551303420761
0.772100534089
0.0965209078006
0.32185319012
0.0587342334918
0.0964923399365
-0.0353679546029
0.11877759728
0.155237450956
0.42028492244
0.516958766691
-0.108548818943
0.0382524145553
0.5
0.686857859521
0.39590638887
0.119739591183
-0.000339732684912
0.725933867533
-0.0247161027663
0.0466667266326
0.308942545633
0.355040435503
0.467959915668
0.229016400414
0.208339834583
0.772503570797
0.693529310959
0.282058709433
0.311902477232
0.230656297216
0.082842799505
0.542112511373
0.00629642759225
0.424242768408
0.107387998532
0.4939871417
0.120981669017
0.326936424445
0.00766125278204
0.667139691405
0.731570220622
0.167817027923
0.120926426987
0.5
0.307784113343
0.124394202715
0.586704087019
0.390478649324
0.0966372046648
0.278392144896
-0.0066918713841
0.0516161615799
0.0110587171424
0.126434556169
0.161960124366
0.0799539356781
0.605507630529
-0.035702752687
0.0834394781907
0.5
0.0425351524201
0.668178174711
0.0206576658049
0.148973630506
0.390758462914
0.0564753068237
0.747101553577
0.306691550734
0.604164914809
0.239831336191
-0.00783085221817
0.0504187184215
0.0807993242211
0.0262405232684
0.0565939819781
-0.167865749568
0.230838474354
0.0998256383691
-0.0682464840421
0.831508904225
0.0543582158295
0.595568408203
0.0349254955825
0.457329313288
1.0
0.695507418416
0.305005949408
0.509265572577
0.0202191977912
0.803391865276
0.244487551913
0.47705500315
0.40926909981
-0.083147421111
0.0800847165829
-0.0115658512916
0.186076886484
0.0112323910332
0.152085196742
0.119452962399
0.247166563297
0.894294942928
0.523614944277
0.0290741871852
0.00481637652339
0.142362526055
0.374515691153
0.773573939953
0.5
0.284772272996
-0.029417379793
0.159206034887
-0.121830482318
0.666535973092
-0.000915762248599
0.405842421482
-0.00235820334479
0.743607978077
0.331208542868
0.296387044391
0.167580245352
0.611625949945
0.284179463495
0.522100685036
-0.0327067846582
0.265254736287
0.343155068397
0.0718452932261
0.0337145819319
0.550940105851
0.844222907924
0.266388829613
0.166856342126
0.0177268644323
0.129161629031
0.10197909914
0.0336847560644
-0.0444909897187
0.136820821998
-0.0212788177246
0.515526777241
0.250218887165
0.397750347737
0.096176405031
-0.000126632455862
0.0877140037263
0.389640120614
0.278599720571
0.681114010664
0.195432113769
0.33654724058
-0.0186912716346
0.0988897688849
0.378799767498
0.233994844786
0.392728794394
0.237732891498
-0.0297735012378
0.414901334388
0.649750127213
0.437017841258
0.151700437803
0.323062996835
0.375387232001
0.0545976838994
0.422260599623
0.91047950503
-0.0800495865099
-0.00789951225799
0.3187262455
0.723833108714
0.365139642051
0.5
0.253828341895
0.607574015386
0.340726128586
0.131704137761
0.00563904836825
0.00956777769689
0.503620998346
0.168173719159
0.478515464602
0.0185782841176
0.0694450925789
0.704166617176
0.10791034152
0.00685195431962
0.506583545936
0.621706040963
0.742254725347
0.0530328432884
0.0284790278039
0.270911487111
0.711830665797
0.567296286195
0.28313226149
0.826875123471
0.808816991558
-0.00915939992098
0.29099259639
0.643101401631
0.0277839285167
0.620693732554
0.028805677867
0.14202513119
0.08056108154
0.546887165021
0.5
0.708747549069
0.617052188657
0.102758901939
0.34037460775
0.658573347075
0.655204262683
0.806853448138
0.363377605665
0.931869662759
0.378172808136
0.22219280921
-0.00381875375038
0.0175743206688
0.622086881977
0.307475736923
-0.00278472989206
0.149042991884
0.0176486098431
0.0887066926267
0.505330622258
0.758679689592
0.0720772360712
0.0849452162293
0.729432812817
0.000848879016043
0.312351923057
0.19301359461
0.254081126251
0.512000711066
0.00983400268706
0.296155051908
0.772174433451
0.552897429633
0.417936930643
0.577314261886
0.314910785406
0.00215934489683
0.292764155037
-0.0271321764634
0.0362269141756
0.0152943420964
0.547368746266
-0.0644658859606
-0.0814625258123
0.239388627367
0.0275485268511
-0.00652101433259
0.274947757601
0.532074045091
-0.0333366336655
0.223503652355
-0.050989823778
0.295262545516
0.632617539122
0.495361217915
0.161577660544
0.0430018491859
-0.00929865712191
0.0608610033904
-0.00991505007336
0.221959728065
0.145817825
0.247504155222
0.237167482995
0.00768880761811
0.359415633036
0.520044404201
0.197921598503
0.111789550766
0.0844031145182
0.155839980296
0.343877079409
-0.0690122228468
0.315504047248
0.945120324494
0.0992481653782
0.114895667573
0.149419135703
-0.0402386544441
0.0347346156994
0.671542673364
0.816440160855
0.256353761141
-0.00441907433679
0.000677876358593
0.113549718189
0.314563405341
0.0588837366321
-0.0174978655983
0.2122978864
0.404247416315
-0.0252120436071
0.259401918533
0.463403274793
0.5
0.175760578939
-0.0239399961307
0.184964302095
0.5
0.294558338504
0.443880572143
0.117163686628
-0.0309645322125
0.175283992646
-0.104637175135
-0.0150733660732
0.5
0.139207589946
0.366701530673
-0.0883936650569
0.0172645449432
0.286389301401
0.0782107730781
0.0296288150892
0.249174415147
-0.0231244365375
0.284972924715
0.731505544113
0.280274794242
0.614531743636
0.556574304943
0.172301160954
0.558076882656
