0.00397012562199
-0.0180798666079
0.406823133304
-0.0102786742769
0.323225232265
-0.0755573270776
0.166646565515
0.228986512806
0.5
0.5
0.137910556355
0.380916345091
0.562235299944
0.136744808614
0.0158688150267
0.58237718589
0.0102186800482
-0.0111183408148
0.908971927956
0.815759537564
0.263703202646
0.845641982018
-0.0500922778558
0.282606926694
-0.0457911820443
0.514518357213
0.142862338783
0.0290886360171
0.526436046424
0.13846260557
0.166285884325
0.576867076863
0.110897336173
0.5
0.0380715961269
-0.0401517212845
0.0346488004777
0.487451295602
0.0867269044199
0.5
-0.0540250241582
0.520255843841
0.0963333084731
0.408913166096
0.20883346546
0.503447300437
0.3594738114
0.486149812428
0.65184291821
0.0717537164719
0.0442414079917
0.524633532875
0.016487684362
0.122086648008
0.0887796234006
0.0923648971071
0.0954391340231
-0.0394841860505
0.229908241866
0.0633625497361
0.126093960984
0.5
0.5
0.257770190729
0.124596234595
0.0419876299884
0.377686717195
-0.0653958002916
0.158740420373
0.108451762906
0.151020424696
0.0646392828954
0.234949236026
0.0180498926307
0.37989982369
0.626489505172
0.526318798309
0.025118459249
0.0477150378191
0.175988963831
-0.00611361305706
0.5
0.5
0.0129978063371
0.0270608023522
0.225213682309
0.0898344540929
0.449596183755
0.406123600853
0.134214189904
0.000696695910742
0.00420448617404
0.00810190892546
0.022377324798
0.141566565245
0.0840797027318
0.234347532729
-0.0390211352173
-0.0514065635401
0.00680148735871
-0.0246065385803
0.637571017358
0.759036839875
0.0781322082995
-0.00645936577324
0.756985798379
0.00682539913259
0.0852185712097
0.5
-0.0270173837611
0.389132559077
0.410856814226
0.245109983788
-0.00480668531248
-0.00706949283909
0.253385037567
0.744122140256
0.986322920352
0.0845344487152
0.472002852185
0.127344546425
0.41419326131
0.366717321573
0.530196294291
-0.00951486755582
-0.0210664018662
0.0965016835144
0.0397936876184
0.200041249794
0.5
0.163689657939
0.5575579601
0.5
0.356906009473
0.250777509216
0.0972921154641
0.17720122651
0.379316759768
0.689718505852
0.00756970667675
-0.00648801287754
0.0772838258088
0.00262680331084
0.662175071796
-0.0404160533238
0.084674130666
-0.0120222849641
0.563504499019
0.5
0.0239224188739
0.461213963294
0.03906149965
0.0464477660911
0.123820054736
0.0679300306057
0.0700910775079
0.5
0.343504531584
0.37555157455
-0.0120305334681
0.28807440503
0.0659316606527
-0.0273428412928
-0.0369164461575
0.0839707721349
0.0816663118336
0.293987965952
0.0144200049973
0.0133483281044
0.618924629539
0.0606145416758
1.0
-0.00943864256675
0.104784040297
0.0267093849426
0.00687314611631
0.302312159679
0.234285025317
0.300784412722
0.00664454327581
0.0964294990988
0.5
0.593316547465
0.00886502696941
0.288347642175
0.000299392970875
0.558166852676
0.0265407774785
0.141172107846
0.100085216145
0.23325836928
0.548485318125
0.5
0.288037621556
0.230231355249
0.542243600623
0.249435053026
0.0503696396154
-0.026466196687
0.0681065455802
0.544311903922
0.0175831755944
0.37243059532
0.0913275063969
0.415276593345
0.104779430575
0.390166832909
0.0307451702984
0.553544494915
0.45785727759
0.0365657307343
0.027691085118
0.5
0.5
0.123333502014
0.831028165551
0.313725630409
0.0533475669051
0.195362122352
0.00878198567998
0.149180941223
0.00259019040407
0.182026251639
0.0854465867438
0.11330974252
0.437327382737
-0.055742703996
0.247890862479
0.00463664483499
-0.0105565726166
0.473671508957
0.0466842641803
0.155721752033
0.307965459592
0.00401773687749
0.693231628143
0.274786606293
0.390477304891
0.185032794096
0.00608873732611
0.0923886684684
0.488999191276
-0.00432362313521
-0.104268409941
0.0349594193573
0.243091207143
0.0576223792339
-0.00650305483829
0.769415852673
0.5
0.422197823076
-0.060312596512
0.397144553453
1.0
0.60939460411
0.101276601207
0.184299842587
-0.016048865492
0.646243784202
0.143990797204
0.360778747699
0.421377266457
-0.0114081846813
0.0180054343756
0.00614749738795
0.0616666973446
-0.0217989087904
0.165800469918
0.0785616380193
0.259879618739
0.748301479373
0.414705846402
-0.0165157432525
-0.0836438637138
0.10936561613
0.244979494296
0.842916400667
0.0142816926424
0.325606678885
-0.0640921855511
0.00330307083666
0.0280252343601
0.719252955724
0.0354973985408
0.371986460004
0.04649419908
0.680091394692
0.305588973017
0.102218460246
0.13372094788
0.415818938798
-0.0334276022228
0.422771636218
0.5
0.22783027168
0.199624964447
0.0816394305428
0.0382818750551
0.230363656779
0.817137680693
0.239880654048
0.123771120097
0.0592529505966
0.225955770695
-0.00747908147089
0.23867686764
0.00721804157272
-0.0654647543674
-0.0209706472935
0.387206917208
-0.0124352005149
0.323936519716
0.134748972245
0.00358399508561
0.0158617068897
0.233000336741
-0.021391646675
0.47439446667
0.361393393338
0.155278257302
-0.0270530647801
0.0546038744174
0.706513309155
0.151731582806
0.236998626691
0.00247531319216
-0.102738899506
0.182500839114
0.4094284479
0.576670315965
0.277979924632
0.132469670559
0.51667939326
-0.050137321512
0.471673602445
0.851606390041
0.00227938944088
0.0249037549211
0.257457032405
0.527781895063
0.00584332972616
0.5
0.0634238073974
0.59850369414
0.195894617634
0.274513304446
0.0411560644858
0.00930608688298
0.332010152464
0.0457766586449
0.458146897929
0.0662023225847
-0.0250966040474
0.757350911425
0.14951094504
0.0058033243259
0.354264598013
0.236707811837
0.46795730451
0.20202786869
-0.0280747237434
0.313673949221
0.668245869464
0.595130471978
-0.053203500888
0.533755488903
0.352942521485
-0.00402323669421
0.540834141013
0.567572735847
0.0207893055792
0.420005205687
0.0054662024855
0.00914263291973
0.0593239960539
0.279131309622
0.5
0.475687443199
0.121048502329
0.5
0.279339567925
0.515705230955
0.716107679159
0.735343613131
0.258844587303
0.92295330448
0.190193610464
0.325855050047
-0.0464731810448
-0.0212278584497
0.534895510822
0.282146398485
-0.0284083014134
0.380899894142
-0.0152988362566
0.203363739184
0.387960011193
0.566091835069
0.0340264350883
-0.0525723149639
0.767584304496
0.0856009186886
0.421087183154
0.15564237945
0.270578286867
0.690202254825
0.222025962381
0.113477123571
0.579688542719
0.330492253706
0.464158936024
0.101657341618
0.435060953735
-0.0223594263477
0.241201641424
0.00153421856753
-0.0436244344415
0.0157614648884
0.756564488956
-0.0125525295024
0.00521545006968
0.172426759494
0.0715331953382
-0.0307021103764
0.308708745614
0.532218105712
-0.00547702124238
0.190042463838
-0.0122142343601
0.171959122515
0.500083097572
0.551086321354
0.0804416724556
0.0192113419216
0.0149446168403
0.0320681736879
0.0132458194206
0.14198607466
0.093192236237
0.196504550369
0.197565003182
0.0513657073372
0.392129282276
0.703868898351
0.303628143895
1.0
0.0446158400919
0.00451745200608
0.422338277268
-0.0229424954962
0.167712246055
0.959531700604
0.125380942841
0.0466720005104
0.0845818466877
-0.0917243805962
0.184667300313
0.703050252283
0.228056638259
0.0851905788348
0.000282432862868
-0.0310865833678
0.0486482128957
0.270863673204
0.493948886752
0.0166813131964
0.064785602416
0.641524107808
0.0249801615874
0.208323842795
0.27052346492
-0.0128610847664
0.0544891482655
0.0685199389273
0.0625630804652
0.5
0.094358704388
0.5
0.0952340410144
-0.0215448398172
0.0909148278328
-0.0412135252031
-0.0239802261556
0.00492793299863
0.119646164543
0.207613290382
-0.0296245407432
-0.0321930194576
0.152944059969
0.0573734887244
-0.00717878294366
0.0673442150815
-0.0304394052412
-0.0322952828734
0.632514928409
0.0946935681741
-0.0113476671028
0.302148259573
0.0862699991472
0.28595924705
