0.487158053598
1.0
0.436905105457
0.317499545813
0.134499987824
0.16648458129
0.749231834587
0.720325263888
0.298023068297
0.409519327647
0.31389240776
0.00784541188631
0.595329809676
-0.0836885247839
0.0025305323195
-0.020290206913
0.0656264497713
0.0338823749159
-0.0051092965305
0.233908771112
0.68245621656
-0.0019285941802
0.0449015203851
0.581466516617
0.0472281315689
0.0325669049286
0.014465421878
0.0523984739329
0.774902371652
0.706430531475
0.101605193425
0.663232183794
0.0316833508288
0.710244812038
0.49457184381
0.0985263377474
0.0144255527551
0.384965095227
-0.00192831804984
0.731263543198
0.32935544458
0.552948730399
0.320492318789
0.186983327082
0.76718548679
0.607336489492
0.0101604911128
0.463380016465
0.526654979827
0.0543782551021
0.0523988842866
0.09137049459
0.143053394652
0.0352193262186
0.121774424226
0.198614605673
-0.0168258406093
0.0881128530181
0.0139992839773
0.138291894591
-0.0485798228244
-0.00312716274829
-0.012673932583
-0.0148471930157
0.488215393166
0.68245621656
0.299102470204
0.123626815673
0.352661417041
0.487158053598
0.220130690586
0.164738668626
0.332031733883
0.0266452996657
0.132553921035
0.454307688939
0.499793168773
0.276733581718
0.551783210996
0.755537793934
0.606820050518
0.5
0.0799263735268
0.240652982429
-0.0402468390055
0.5
0.5
0.294384995304
0.0603213756435
0.0252261165224
-0.0109608031966
0.0308588112503
0.232708041215
0.101655037667
0.106052217472
0.258854976982
0.0829625177529
0.0106729372086
0.0176745314792
0.117454810375
0.0600208458073
0.142123839386
0.371808933409
0.0584886007384
0.254106963121
0.0392791662412
0.429528566717
0.637199791476
0.0295857249677
0.00986074168908
-0.013283028888
0.244828898066
-0.0164448544633
-0.0143882241328
0.0241739411625
0.136690862175
0.00949742143261
0.0747441979702
0.32038624225
0.0816464417994
-0.0273916068367
0.176175123113
0.135412547368
0.207580955528
0.291281984997
0.943546756182
0.0330526675432
0.174561092296
-0.0194402845742
0.096336300487
0.230561241369
0.00158649301004
0.0490368854064
0.0306231536604
0.0716039823702
0.0166614208182
-0.0518648604797
0.00129394622225
0.0751997216178
0.020028279967
0.126985552705
0.0204572667634
0.259460590106
0.317292457282
0.228931292928
0.725118217965
0.194154838399
-0.000876054321332
-0.0514225497112
0.0364792454155
0.0156154133538
0.116777888864
0.0916563067031
-0.0331928458136
0.5
0.435876889438
-0.0262355962154
-0.0117855732132
0.29858267701
0.650031050511
0.0437041581113
0.186416244937
0.133895072857
0.0375784981042
0.545689899965
0.566587714129
0.0543708677171
0.165388809444
0.516250145139
0.0633985857404
0.0472028024391
0.231972207538
0.0123982844666
0.35970509545
0.0734371859388
0.453192101882
0.0254789617815
0.677817156268
0.774221051484
-0.0254172878728
0.0412358756205
0.0203016077267
0.0897696615401
0.0795133146981
0.0161995272111
0.105855605435
0.0121358803593
0.00814817432901
0.184476415159
0.17770916977
-0.010342146889
0.0601608216461
0.123035687579
0.0177419321766
0.049738222184
-0.03917177703
0.55706820821
0.218240282502
0.0453204975467
0.607625229759
0.05989534452
