0.586305903467
1.0
0.23065892617
0.305949935554
0.474754577621
0.196178611878
0.708218619299
0.555911698007
0.602269962529
0.321107735376
0.470439416579
0.0658557544291
0.234855483264
-0.0012996041747
0.0141339926422
-0.100124798085
0.0740270781758
0.0566726090204
-0.0102855162429
0.323221698346
0.779866645466
-0.0174133643341
0.0213838683151
0.611801318036
0.0275047479622
0.155107422567
-0.00352332911062
0.0953353728982
0.753340752981
0.367236445826
0.0232460349946
0.645311294513
-0.00245373585366
0.85161050132
0.87356733946
0.0206926004106
-0.0664830436526
0.234413683574
-0.00534049830693
0.630981160914
0.746177935906
0.565375182912
0.541166924165
0.256638350383
0.649021019104
0.699874139338
0.344447577593
0.338984268574
0.438664818673
0.00230454709363
0.0440741260524
0.10434998775
0.119727533703
0.0176068117746
0.0658047742626
0.0807874678503
-0.0275271448565
0.0711976505798
0.0716446477661
0.226927785755
0.0524000128237
-0.015211713856
-0.0682070201042
0.0193526011501
0.493630443683
0.779866645466
0.404999582673
0.0283014096573
0.756582508387
0.30307033775
0.380238248553
0.300136048338
0.31647995116
0.0180672812012
0.237700365405
0.649709024813
0.609992249482
0.389728901056
0.341213325916
0.665273902369
0.403064694728
0.0498868738482
0.0166973168065
-0.082178801433
-0.00233766295397
-0.0200915853704
0.211096770228
0.156887726191
-0.0379295030677
0.0486648529786
0.0673523371789
0.00103223210421
0.0249993965421
0.0396433892728
0.510323607254
0.00329414429801
-0.0137485152076
0.151805242338
0.00504381568248
0.138509592674
-0.0258838275881
0.211774439423
0.688421435165
0.0615192608295
0.29985368035
0.0585054728397
0.500367295448
0.404500581839
0.0362321930508
0.0686531549351
0.0230346596195
0.152074847694
0.0490483131508
-0.0447547793946
0.053184340172
0.107203468981
-0.0739879228414
0.0854358174112
0.158262149996
0.26408943718
0.0135758442715
0.237788506263
0.083161571839
0.280852026454
0.0104634319396
0.935675118922
0.0499142459344
0.269483145216
-0.0198345128837
0.0938443001578
0.165786147929
-0.0735611087058
0.122758982479
-0.0262433631576
0.123154648687
0.141791445594
0.173690045078
0.00426879077497
0.0642675038027
0.0153059162749
0.42854814126
0.34868203864
0.232543880905
0.10531381955
0.132397827751
0.504867255757
0.187607469805
0.0741358011531
0.00265639524679
0.206251760933
0.0294216687676
0.402213211898
0.0843553904899
0.112341964387
0.642729743712
0.625200062826
0.0100968373198
-0.0138247428044
0.152707084571
0.851310306466
0.003379776915
0.179283289725
0.290371333339
-0.0383146214451
0.557631061258
0.754010024419
0.0999848995738
0.476456892788
0.665230710969
0.127953578008
0.0502059686657
0.292772049042
0.0595094910279
0.649455520163
-0.010960585269
0.741772769135
0.00940837424117
0.56229080934
0.290029493016
0.0559513052988
0.0324493225531
-0.022592185303
0.0961757935082
0.249328093831
0.127974567678
0.290131548603
-0.00151119080961
-0.0417882857368
0.2295117088
0.043104893306
0.0525408667837
0.0871654050181
0.102159704086
0.386074299632
0.568832353307
0.181383195731
0.299529867334
0.180965371804
-0.0285604867646
0.354642023822
0.277111878983
