0.678006937447
1.0
0.203683596943
0.354915330522
0.535358505885
0.136574806071
0.765674382318
0.395891002337
0.199919896388
0.551884598323
0.484452200249
0.205695750425
0.327025528624
0.0379387332798
-0.00708233312929
0.0821253333111
0.0170357473757
-0.0552023972558
-0.0394212562421
0.0669981114926
0.628184443851
0.0117910256343
0.00486482042784
0.425396373701
-0.0166402430372
0.0585846777001
-0.0851981374484
0.053506481403
0.705972455455
0.408444590718
0.0871655117945
0.586203979166
-0.0614330803517
0.763813477107
0.709246020732
-0.0124902009993
0.0160790090971
0.537358653813
0.031736336577
0.399173337221
0.367147235284
0.47154012512
0.472891134715
0.235162706281
0.774389965938
0.271136340958
0.288638959153
0.34294826127
0.242941622124
0.00590132781298
0.038605547175
0.071303244232
0.152853193973
0.0406977836087
0.309013869113
0.0431008974211
0.0980550683969
0.167970802621
0.21254846938
0.12023880849
0.0615060481791
0.0155666881418
-0.0102783191591
-0.0283494883026
0.32402036769
0.628184443851
0.27046230588
0.0303627880494
0.614502121995
0.513667136491
0.358717133535
0.464503894349
0.575942704259
0.140705095089
0.256420956251
0.797438388524
0.745555809008
0.371483130036
0.337552683854
0.510475955873
0.15655824506
0.102423073761
-0.0630549714038
-0.0185234707314
-0.0457927256537
0.0829480346306
0.260180104763
0.0672824427251
-0.0332293602713
0.0300062698474
0.0111693612097
9.45377919542e-05
0.156519084091
0.185430751736
0.503642361231
0.5
-0.0231064808894
0.00507386281434
0.0220526073663
0.0915357915889
-0.00270529518015
0.043079606271
0.312439763498
-0.044980892098
0.177276063573
0.0377210533749
0.170317501848
0.470429427984
0.0874672674087
0.0743903031917
0.200062234996
0.201721161588
-0.0349436961883
0.0618778754201
-0.0173547477333
0.0454292062004
-0.059816457441
0.0108603666886
0.0958723710904
0.156325711973
0.138435649208
0.160636173656
0.0286381018749
0.0902649349708
-0.0238912561654
0.889296421459
-0.00685189632973
0.270466492315
0.0269767021886
0.100455849629
0.254642698015
-0.0634889628614
0.0717376683182
0.110721637378
0.0985150879415
0.0597330746451
0.0588998917536
0.0120071985449
0.169379331425
0.00549020841962
0.130183605733
0.269963250839
0.157090556124
0.0313601867519
0.0191127651991
0.486165620627
-0.042498049074
-0.0079871738378
-0.00210505680869
0.441657989675
0.0683563119064
0.0544538466949
-0.0364811172856
0.27354739008
0.173640138982
0.405444784466
-0.0355018052271
0.00679770878795
-0.0155158233937
0.67783740427
1.0
0.166076712764
0.182729122604
-0.0363733386226
0.6751290076
0.0610812220026
0.075584019887
0.0651020677462
0.214923030951
-0.0104897156119
0.00345778505793
0.228134996855
0.0468974655063
0.531361619897
-0.0438348033513
0.374490983022
0.0766500526315
0.974573168194
0.165617735302
0.000685987734606
0.0324139835064
0.0357331214557
0.0659889236862
0.157250787895
-0.0666909129948
0.581997173499
0.0972263846447
0.0163624665101
0.180161846139
0.0132808532158
-0.00446543824183
0.101601253851
0.0821598438684
0.725537826613
0.739619422883
0.195507505847
0.529295459261
0.245231482603
-0.0403058450545
0.117194006851
0.118790491251
