0.0141051880908
0.5
0.190068113667
0.5
0.111994186562
0.0519070292076
0.0951144910013
0.0166051411534
0.5
0.5
0.115306721878
0.0959025670429
0.213987653099
0.023532735392
0.0115547391347
0.5
0.0323865746327
0.0397952520314
0.335060011487
0.235501095564
0.101196439945
0.164806980385
0.5
0.0480231138597
0.110898608678
0.28504049647
0.016228422437
0.0960298798859
0.349422830957
0.183540241165
0.0386619558862
0.194363513722
0.00550243696858
0.5
0.5
0.0275934790126
0.0927259204972
0.0896695540818
0.116888962971
0.0043584763423
0.5
0.370934824809
0.5
0.164676680517
0.0883203421429
0.169018502869
0.218807562216
0.0665089825036
0.360630016935
0.0470988365754
0.0457535659917
0.101108564505
0.0245827982452
0.057819578938
0.0140361352942
0.242292983395
0.0658195823168
0.0153156323863
0.5
0.0422106163963
0.0357585351493
0.5
0.0522290065116
0.10223502275
0.0781020316791
0.0609470679521
0.134549808221
0.109067413937
0.0596335525261
0.5
0.0231042687073
0.0891869481246
0.18343496131
0.0561432881776
0.0397079917975
0.0733277522623
0.229397713331
0.296925559022
0.0292114160577
0.124473375838
0.00822208891322
0.5
0.5
0.117261931362
0.5
0.0914787638564
0.102609947169
0.134399833188
0.0389195210875
0.0986873868389
0.0570545850642
0.5
0.0732694051716
0.05616863212
0.104136040585
0.0427011437357
0.144606435261
0.0290066850115
0.0276794016797
0.0116644371661
0.0416977234305
0.275324611009
0.318806095146
0.0164039833779
0.0133996249653
0.0434519483834
0.0571903098188
0.0414030835551
0.11260299313
0.0127630695399
0.164589976001
0.5
0.0455088646669
0.0298289978383
0.5
0.0565023187861
0.196614620574
0.658069734625
0.0578160278455
0.295868094846
0.0280202767066
0.0046438903039
0.124283984717
0.0360868122302
0.0187374727582
0.00421689088893
0.0677864124854
0.0484513036718
0.200624304625
0.5
0.0289188622033
0.188362427933
0.5
0.114349407752
0.280656924411
0.0986562350602
0.183871830987
0.17818251857
0.102892870341
0.0421920627686
0.0373180515237
0.0365358960211
0.0222072921191
0.213586328369
0.5
0.0332017607622
0.0211148000308
0.117367599053
0.122279128867
0.0283516990612
0.0713005544571
0.5
0.215932861987
0.0359250784137
0.0158730351203
0.0715616160403
0.0343725892745
0.0714944307364
0.0461289820723
0.0402125203736
0.5
0.0234073021566
0.0236664979741
0.0157486725881
0.0453242815771
0.0731512573016
0.26745647017
0.0607022388705
0.0953192299055
0.208031783601
0.0421831161067
0.0157777616944
0.0126101583662
0.070722214474
0.0359605716229
0.5
0.171922510747
0.0802283196899
0.5
0.5
0.0334149819941
0.5
0.258381589229
0.0309437695822
0.073409184493
0.0180539960182
0.179686947238
0.0210127080742
0.045243251421
0.106022710874
0.0757426991472
0.0207051340901
0.0564107079282
0.5
0.0130214031895
0.24599979359
0.046438746993
0.0240175953018
0.023800601967
0.0993447816779
0.0957231418153
0.0973794002368
0.0721702297559
0.5
0.181986931715
0.5
0.0974641138877
0.0162806367663
0.0634997550852
0.0749447078439
0.0881400735616
0.100586971921
0.5
0.108763139985
0.106150378686
0.364874788321
0.101405318702
0.0278239876583
0.164060879725
0.0724757817615
0.5
0.110097829324
0.042598274047
0.222791071537
0.0257785379091
0.139980859248
0.0113649249461
0.0709522032294
0.5
0.0332553329912
0.123032717902
0.0152862765213
0.0415148756664
0.147816047527
0.0336436258317
0.201381714565
0.0493460190456
0.0868116358069
0.048239026973
0.0295262322999
0.0529693417565
0.0622817316375
0.0196585938762
0.0449301557794
0.0328505510983
0.15386830721
0.0555394647273
0.0140505888187
0.303508259952
0.0359454765784
0.115468665053
0.5
0.189129044806
0.128698892462
0.00669723722222
0.0396107482052
0.316169607333
0.0203727732466
0.0976345813222
0.00816059042154
0.5
0.14867409684
0.0725636800941
0.0726344712194
0.052568767584
0.0285149199968
0.021492462759
0.0791327932229
0.09387121636
0.0664931585416
0.213605826504
0.195904917879
0.5
0.0193567012393
0.165832832538
0.117466236238
0.178501056145
0.0824222084905
0.236464078923
0.00885045123964
0.5
0.5
0.11378227537
0.0115182151768
0.334766535383
0.0241563589634
0.5
0.0415096288423
0.104773251639
0.0427870158375
0.150492711544
0.5
0.192231370554
0.5
0.0140063739385
0.0203171670066
0.0950114301691
0.0399831650321
0.0147277272757
0.362930149425
0.112667983441
0.127487090958
0.0380512398931
0.204518288035
0.0899199792396
0.163022600248
0.0386464013995
0.0149422978683
0.104034745523
0.118874579326
0.0347547890866
0.0702352836643
0.0428214211521
0.0746948618798
0.5
0.0553345680585
0.0581752709173
0.190924263722
0.021285333077
0.168127960467
0.0298062760258
0.5
0.172480199668
0.116548985961
0.138840762382
0.5
0.118374059825
0.5
0.16667659299
0.193647743042
0.118806534508
0.100181056335
0.237254275697
0.0228970791046
0.0895060421511
0.274913959499
0.047503811508
0.0194411924159
0.0747236571491
0.186239570069
0.146822905306
0.5
0.0421504924681
0.215989359099
0.185161324845
0.00344472285844
0.0416656213962
0.0226018352169
0.173113047351
0.5
0.123119929162
0.0177966810722
0.0747393013113
0.374683303351
0.0300864616531
0.0789437426372
0.0713612572323
0.0439197250591
0.231336078652
0.135330129891
0.0969458040638
0.0390319576216
0.128572078723
0.14520250015
0.0508780610139
0.186332124833
0.152036789477
0.0509056483221
0.5
0.118067272419
0.0222460933884
0.0121152970906
0.0114440770013
0.0204277184341
0.0528840443778
0.0565948900567
0.5
0.34004795375
0.226840258536
0.0165751674385
0.109282240753
0.0159492509581
0.23206393844
0.190772476354
0.5
0.103118936089
0.0801629110163
0.126952037101
0.021935768473
0.00318072677397
0.0897391275051
0.0697274272164
0.0708737358657
0.0341623771121
0.0627645649545
0.0465129004935
0.128626504736
0.172631196434
0.0421809881833
0.0205221171251
0.5
0.027010409872
0.084937605654
0.0626048815872
0.0204035941437
0.5
0.0651463707445
0.0214791998591
0.125707260079
0.0596650480782
0.117002981145
0.168967723088
0.0470919727231
0.00326267244452
0.121866098276
0.5
0.0682727110196
0.5
0.120119911632
0.0204423072662
0.054964200074
0.129743458152
0.0444943504092
0.5
0.0743018885234
0.369329110507
0.0561549048687
0.5
0.0193056711834
0.205419906595
0.108182717106
0.5
0.0659629809007
0.0445824596103
0.0503531981441
0.0229454945944
0.5
0.0919825231185
0.124359049759
0.118570537921
0.205132361474
0.0178892251172
0.105590426719
0.255646122386
0.0562117541764
0.0647670790007
0.0503332255302
0.112733293028
0.126008927597
0.049980892734
0.0597208679562
0.612441459097
0.0440871532782
0.0515960237801
0.108159271521
0.0459773210652
0.079875248167
0.00232365183774
0.5
0.160476315128
0.5
0.0413567965041
0.0448944241501
0.083261016055
0.308847182832
0.0354474220482
0.0456500518359
0.5
0.0246541113517
0.126710530718
0.5
0.5
0.0116854327395
0.108789734154
0.0515359901464
0.5
0.0561393957404
0.5
0.00602069711146
0.0242749039339
0.023205148926
0.0248397255659
0.5
0.0216510758127
0.0682821958285
0.0545201070242
0.0193123730203
0.0594150050035
0.0469170084668
0.0073789078612
0.0256235898416
0.0793067421536
0.0203715007254
0.0589031665691
0.237670559767
0.150983434812
0.0512673481076
0.5
0.0439186516687
0.102132232018
