0.00157521609703
0.00662483788898
0.101041300118
-6.92525348178e-09
0.0710315085112
0.0145786568778
0.0438951844595
0.0199774184762
0.5
0.5
0.0585750362428
0.115226110136
0.141982000175
0.0246155684764
0.00227081697303
0.5
0.011086582028
0.0011878531796
0.366101081264
0.24610285893
0.0548005144864
0.191271348843
0.0194379376411
0.060192055124
0.000666279381925
0.195025728097
0.0159961772596
0.0469666899364
0.124665253457
0.0481325896434
0.0272280167861
0.106192260883
0.114342210088
0.5
0.00900727599459
0.112414853057
0.0267423714407
0.0692273466873
0.0431504246188
0.00129359930668
0.5
0.0773387269482
0.0214194956016
0.0051569136246
0.0807603305675
0.282860614821
0.154986479308
0.848225928948
0.208796467409
0.000988014579989
0.011545927567
0.202897351595
0.000687173947821
0.0208038965602
0.0155731113431
0.00886701582796
0.0111108755063
0.0233162866961
0.165197006648
0.0264719428734
0.0310426878034
0.140883906171
0.0731374667845
0.171211954723
0.250770426549
0.00437789537444
0.0403464306677
0.0320936363835
0.0126175869291
0.0134437850575
0.00897413495759
0.0621408919646
0.0363298601406
0.0081478534471
0.0613390749051
0.196304744072
0.229651588518
0.0637459791747
0.0365716617354
0.0204163348387
0.00516413909396
0.0223388440612
0.5
0.0284947502679
0.0257332205395
0.022487377188
0.150988145861
0.207525725984
0.0524250433866
0.177072755198
3.21580841015e-05
0.0846316255733
0.110147708484
0.00361800203953
0.136452527574
0.0358765419443
0.051907642913
0.00148617380693
0.00106691659834
0.00274356566429
0.00635909846172
0.239325115444
0.391943241784
0.00407921417081
0.00805430273791
0.0896647348592
0.0459468372701
0.0155402787354
0.5
0.0160372328177
0.0658725998646
0.12154333783
0.0193765617087
0.00595091432301
0.00341967120575
0.0139865505971
0.118220638692
0.68665720255
0.0199127439603
0.188389925631
0.0146953792777
0.0905642822689
0.165585244068
0.168638826773
0.00494950775408
0.00902388028492
0.0444363390997
0.000835055791096
0.030455261758
0.5
0.189510696686
0.185610604753
0.5
0.0957430600001
0.111043907543
0.0871790306796
0.0330776584018
0.323792907642
0.146139706047
0.00251181713825
0.0169192730166
0.0170923686636
0.0417302955803
0.100702875783
0.0277705659489
0.0103615353139
0.010788774862
0.0894127285261
0.0642599614124
0.0189003400576
0.0735903915603
0.0177495963324
0.254377263883
0.0291936633372
0.00487497941993
0.00531241190497
0.00427754382639
0.0335365639487
0.0389561607368
0.000311870523851
0.5
0.0444810483544
0.00433182712571
0.0009538940704
0.0189878594253
0.029272659416
0.121021851711
0.0267195393779
0.046435401116
0.198776291796
0.00971655378646
0.245691391685
0.004189228118
0.0179024812082
0.00830869074972
0.0938075949413
0.0168275223423
0.0198274450012
0.275928418032
0.001950205152
0.00756095589901
0.5
0.226393743159
0.172745924918
0.06124744695
0.000319716988057
0.266639377889
0.00228374119045
0.0418591167923
0.0149919948873
0.0654135091499
0.089788071476
0.096519867177
0.00833415557663
0.321381690702
0.2457602456
0.113670647989
0.020365617661
0.0498588091631
0.0105017907893
0.115044470295
0.102031665945
0.165730772571
0.0536829323612
0.177745616403
0.0122015235645
0.0695246757582
0.00225985990791
0.00814118291733
0.0676187114406
0.0239996231361
0.0166596445487
0.5
0.134906722328
0.016138365868
0.358159667051
0.121529203932
0.0170580089314
0.0606913028487
0.0236224031112
0.0150787241529
0.00651763290525
0.0263318928533
0.0106159247189
0.00411407615072
0.0757594964169
0.00117273733525
0.0140281867992
0.5
0.00488646498369
0.0856564093443
0.00391733324368
0.0162170442682
0.0986823044566
0.0078410699691
0.219269634107
0.0272860664339
0.124535717622
0.0859255189978
0.00848848637419
0.0224809919307
0.0205237264864
6.39171859884e-09
0.00756034123483
0.0395392012939
0.0298388536075
0.0107280586969
0.00143426580908
0.116896806729
0.00247175039883
0.13800023536
0.00915721088993
0.0656965780695
0.246115553431
0.334952301887
0.0429420972858
0.669812577051
0.00824737686833
0.11781578738
0.0324774536644
0.641493772829
0.122186671055
0.0217032025947
0.0512138257614
0.010462462649
0.0373157836537
0.0047131737842
0.00642363542384
0.031429660435
0.123811670595
0.337556608921
0.188233237524
0.00312190322132
0.00822193360079
0.0460897901896
0.0346270139336
0.139707111847
0.0514633278688
0.016745964589
0.5
0.0242825439879
0.013283495953
0.76701866141
0.0017842195872
0.0834110608586
0.00192150359916
0.401960923508
0.0457976022977
0.002025243437
0.0583689069645
0.311308473426
0.0448038979381
0.0398002698434
0.0431134971483
0.0397111001473
0.0553881445885
0.0530563081379
0.0163804624835
0.142322700467
0.575741321496
0.0315511890123
0.0405796895649
0.0415881430797
0.0143922401156
0.012866101074
0.0395646296089
0.0103428522304
0.0306035632874
0.0280289751192
0.103360889108
0.115065575577
0.0572895348941
0.0178451552294
0.00386169038236
0.0337863350756
0.0188295170443
0.00359828887634
0.147691854754
0.0351151627313
0.0896330818323
0.000621900135776
0.0443372963505
0.279168136405
0.0730614884794
0.0824019712141
0.0353174768164
0.012716526538
0.0184774957724
0.255078862184
0.046684121732
0.734161669929
0.0141528750643
0.164117256047
0.0563225053734
0.0786264967801
0.198739871342
0.00725761302219
0.0223955383579
0.0102630965644
0.183405015759
0.0193157179585
0.5
0.106802533163
0.116164901486
0.191759210856
0.190049797435
0.5
0.0148039028107
0.370992059601
0.00181877944056
0.00394218883621
0.00745055747663
0.00633292498375
0.547242632778
0.00772930061368
0.0398970039674
0.132675217525
0.0387985590633
0.139602263861
0.262366007204
0.663167310823
0.101814118306
0.142892153046
0.159475432646
0.117606683266
0.0871328245723
0.233001645563
0.00681059632162
0.162949363798
0.263342285543
0.000652746319852
0.0227825554018
0.00255005753696
0.0210345151292
0.0225753201627
0.237805163004
0.5
0.0380069604461
0.166734623221
0.0259581383345
0.0232087080872
0.188275916949
0.220503941283
0.307713645902
0.5
0.340337199978
0.0250132097393
0.0964770563015
0.00214730969869
0.00297892733448
0.323776691286
0.0818944229152
0.0215838818037
0.0368816165453
0.0100565254882
0.00606674668931
0.118341892019
0.329711601938
0.0535780381763
0.0015204408694
0.26238533824
0.0196157812322
0.0815971067118
0.060518149731
0.0441497524828
0.368854077824
0.00765259986559
0.00855856547918
0.0298806996497
0.156921196301
0.0854487994163
0.236751144245
0.0523249707674
0.5
0.0343502782083
0.00521514957676
0.0205926685527
0.071637044801
0.139701530454
0.00281172422504
0.00367353665816
0.0150526698286
0.022686438221
0.0203166715558
0.0818711967498
0.0770939768719
0.0275332222853
0.233704072527
0.00485713407255
0.060992016269
0.0465739897416
0.17413032318
0.0128622846149
0.000974729742341
0.00843129005084
0.0249422317785
0.00178644695767
0.0159849172554
0.00599121901195
0.0794940481743
0.0448957713993
0.0499165745422
0.0491165681041
0.106674300313
0.0452989059449
0.5
0.0111676527536
0.028874042861
0.149441464829
0.00722351417095
0.0626398346382
0.706303445358
0.0141630573788
0.000654066462589
0.0116543892854
-2.38004016495e-09
0.0309352455479
0.097507980319
0.386453618286
0.0118838193135
0.00294652903685
0.00438657767719
0.0100944133364
0.0393735454507
0.0897548824992
0.00519978545552
0.00684389971229
0.130735926571
0.0188318126906
0.0246315269459
0.118132969747
0.00253525516784
0.0128512539044
0.0244913777177
0.0380476034567
0.5
0.0304658746059
0.1860579058
0.00798271645145
0.00157361886504
0.000259605705161
0.00607097009737
0.00429044479732
0.259550082074
0.0179401456384
0.0730667565096
0.00105684165045
0.02024706982
0.0157065204444
0.0339339479244
0.00157591904507
0.0569609641604
0.00440464367646
0.0130139701015
0.101238036629
0.0100962337211
0.00364830169276
0.256329729188
0.0394358522397
0.0276216822711
