0.00228596612563
0.0123693081442
0.15981714323
0.00901512381103
0.0962021607324
0.0645106132258
0.0832492579669
0.131029023093
0.5
0.5
0.0709676731168
0.0652414558225
0.185700448872
0.0543962479146
0.00706822657917
0.585503713273
0.0286482038672
0.0532115691638
0.293537803226
0.72679356218
0.114145972138
0.217929814075
0.0214044100019
0.0856186938805
0.0453526379462
0.317726069913
0.0829210877866
0.060956826078
0.239934724873
0.133253580607
0.0719402049915
0.142953460248
0.0291163174237
0.5
0.345881370471
0.0264997646253
0.0806108616279
0.0465009396518
0.0702545766901
0.0230515073245
0.5
0.206662397672
0.0647871656539
0.159898323964
0.0943683307378
0.178884474274
0.299810378527
0.64959147141
0.325576180641
0.0554148675705
0.0234612144793
0.108061293421
0.0533445029457
0.070070029642
0.0141326807634
0.101848194861
0.0423273256478
0.0144543627557
0.186196210047
0.0386742616972
0.0379403753931
0.0981744073085
0.0488772938744
0.13472847137
0.147618400281
0.0496932371047
0.14481971838
0.147256083571
0.0400726513759
0.0282773480003
0.0357057859637
0.0857517361419
0.093576677706
0.050620281819
0.147436086796
0.187481190662
0.125224240829
0.420404261879
0.0458696584803
0.122433381082
0.0072579949127
0.5
0.5
0.0536011020077
0.0376727287409
0.0496779248041
0.0543420970327
0.113038278034
0.168906095732
0.0291194327555
0.0474853060474
0.0561151257937
0.113641613236
0.0490908193368
0.0872246491707
0.0584930882402
0.113292500472
0.0176850430081
0.0597062687047
0.0117352982514
0.0122290347233
0.251783104851
0.270452237696
0.0393589914049
0.0251825144569
0.156525099123
0.0930326415728
0.0529557478744
0.131476830526
0.0430075449959
0.198426937664
0.65992346257
0.0439906076274
0.0198958459632
0.0368815046329
0.0597705970709
0.283749348523
0.80577203584
0.0322307385701
0.157994617026
0.005393056003
0.0521566889483
0.136679336935
0.104773377278
0.030649150024
0.00893801979115
0.0826415439334
0.030172237053
0.130623609572
1.0
0.0260295447823
0.195658735909
0.5
0.247210257032
0.0879147701879
0.0753117897202
0.152076024778
0.229034894653
0.190741587134
0.0375205951009
0.10829058648
0.0913898549382
0.0367263191148
0.182080453063
0.449725992422
0.0211549524878
0.0393489167717
0.17340944253
0.148853544151
0.0419054883633
0.178420446979
0.123389829335
0.0881042756809
0.100655705362
0.0393970308949
0.0832579063215
0.5
0.085895058734
0.0673787838774
0.0120145532241
0.0366753835211
0.0920306096001
0.0193907125884
0.018675471318
0.010601925914
0.0788931209446
0.263699505463
0.0578630806149
0.121748431273
0.210333110069
0.0345880050358
0.490031733546
0.0872285001743
0.124401749863
0.0327114838407
0.138449655141
0.135153094944
0.0920006684795
0.112323764717
0.0893029536625
0.0236463783441
0.5
0.207024169177
0.0836914299106
0.0317750602451
0.00734226932206
0.165923490425
0.0205992330687
0.0397560854123
0.0929095329289
0.123386905967
0.101333348139
0.197172818273
0.0491382815249
0.179291877086
0.219179927042
0.087622306387
0.052656488615
0.0602248429874
0.0478322504852
0.202611568365
0.0210948409337
0.145289188729
0.0316626418962
0.135152619725
0.0320852394812
0.0880582898974
0.0126562069262
0.133767501406
0.150148632541
0.0555762262497
0.0650143203535
0.5
0.238379779004
0.0557961063507
0.217889655825
0.098644613188
0.0319081648763
0.141258018128
0.0510605793505
0.0159541639794
0.0169134610741
0.0508109203585
0.0938657623874
0.0686064556673
0.128480959839
0.0228730582225
0.0867052606581
0.5
0.0251134877065
0.180853427193
0.012370234311
0.0354807015115
0.102817076465
0.0142983239491
0.190728497342
0.170109334686
0.194137236692
0.0845473502848
0.0242297322546
0.0981675046002
0.0863190189598
0.0200808039452
0.084694009484
0.0401358232427
0.126135265135
0.0400078904679
0.0136291901371
0.367588565265
0.0123774403336
0.138807815193
0.0170108597885
0.146821333837
1.0
0.14088673747
0.0768733175558
0.315929560749
0.0150319385446
0.194971415945
0.0957886250352
0.130472871794
0.124887125774
0.00820662154961
0.0551873612444
0.0229696901151
0.0439306031206
0.0279851461716
0.0784437320205
0.0707567550252
0.0617901925176
0.286228587554
0.118728991557
0.00699651082669
0.0174214023285
0.131407475745
0.140494248494
0.152739129105
0.5
0.150119185545
0.0181588896078
0.0262472364083
0.0306592104294
0.654815111178
0.0177591942949
0.270980182981
0.0252327789211
0.276009416415
0.161554059952
0.084717951368
0.0810520972616
0.176999138635
0.0515833011029
0.167309262142
0.0108394643118
0.117010702847
0.102983790344
0.0496318619797
0.132287987919
0.118241334887
0.261512113819
0.138843919747
0.0997045429791
0.0567292937629
0.113398866136
0.137790445175
0.0792331621088
0.0371137682416
0.0449729769253
0.0328963711781
0.135004991062
0.0469721363976
0.0956372642355
0.0314943738707
0.0441726944416
0.0274285576214
0.0979735775931
0.0327488349679
0.285342876915
0.0456925581949
0.107002236978
0.0167088152165
0.10865954379
0.619574108088
0.117565882474
0.153618578151
0.0446262969321
0.0923814443889
0.0681172429824
0.163417553536
0.169124982526
0.117978957097
0.106808788971
0.229600273201
0.022480486196
0.125211972534
0.224972022342
0.0419180759199
0.0220317237282
0.0838213708672
0.161348975803
0.189198006344
0.5
0.0489334920204
0.305832036191
0.151843019909
0.0310786373979
0.0264573519774
0.0138935476473
0.260258684921
0.0789352402483
0.178681571667
0.031152689422
0.039263295748
0.249176202975
0.0466144586127
0.0465525575626
0.133216946602
0.10520516288
0.21630004335
0.0567197111609
0.0416552352201
0.055638213467
0.160589677321
0.129812474492
0.0960864875665
0.192098525916
0.221787584499
0.0438426447656
0.0677515601025
0.154594972133
0.00771808283236
0.684177712997
0.0156308881351
0.0475877644636
0.0300501113953
0.173976583759
0.5
0.265120241029
0.359376594059
0.0365905654849
0.0985898871033
0.167296718452
0.143380456569
0.210091735914
0.1510823577
0.276067196878
0.121008243088
0.0750773296828
0.0177110279335
0.0103185599042
0.180094035334
0.0641099160975
0.0555521190191
0.0620323841303
0.0615962270969
0.0514039761973
0.166834189087
0.270250507894
0.0653255429849
0.0195893821331
0.219984461201
0.00705411797964
0.0733919562394
0.0281608232024
0.0611363694355
0.165875889988
0.039638877733
0.0492295049525
0.249394927175
0.153415272515
0.0745130142452
0.1196558068
0.160517970538
0.00702213588275
0.0790445196207
0.0896420678944
0.0363321800207
0.0142406354788
0.093366740539
0.015230349774
0.038153690653
0.0739424692412
0.043903626302
0.0699073888314
0.0613701974133
0.185103112201
0.0208937461442
0.0888730016857
0.0371791844528
0.108231380365
0.128813860056
0.126316235565
0.0687749901352
0.0355647212356
0.0309135813145
0.150897727986
0.00402654807529
0.104036600816
0.0763235540853
0.111238879012
0.0834884444023
0.0336053176916
0.120184719837
0.0833406080103
0.0677875976744
0.0357572486077
0.0476626886
0.100935414778
0.121268165451
0.037656948186
0.0888594903335
0.817264354827
0.0515723493968
0.0607834063946
0.0722718572029
0.031233694225
0.0779815683383
0.688393246263
0.18636542543
0.0988725603675
0.0125507899053
0.0547013532738
0.0853237826026
0.0647224045382
0.0792524226322
0.0211458188549
0.109736523185
0.234993084651
0.0419723338665
0.106968699955
0.10917067104
0.5
0.0307467757464
0.0341558873682
0.0464252813076
0.5
0.0750685021382
0.167007270657
0.0243944905506
0.0205702536855
0.0786240050484
0.0576510848309
0.0283296614534
0.5
0.0727914693249
0.10811568329
0.00539128049462
0.0140954344128
0.0868110203388
0.0380298560011
0.00829151697383
0.0537832052378
0.0218152493895
0.174110696513
0.256680195543
0.0749969651739
0.114556051695
0.179659078994
0.0674532264512
0.117215654879
