0.0142771854418
0.0327982743917
0.116816614428
0.00697267479916
0.379791260874
0.0295889840528
0.0514781805886
0.0961821488677
0.5
0.5
0.126718717226
0.0746417808738
0.175252335696
0.0547120717946
0.0047781814085
0.587996963912
0.0201685928825
0.0590271890586
0.30516103137
0.715958241923
0.123796083868
0.264786526293
0.0018867583896
0.103786871473
0.0246189936369
0.26130765201
0.0835342094547
0.051040020413
0.254537217039
0.115536214346
0.0668607189778
0.1851053001
0.0434359670446
0.5
0.192748938823
0.0125597870151
0.068603143197
0.0692869247126
0.0708974218905
0.5
0.0308556222359
0.168888998483
0.0317845592246
0.155341380318
0.0653527808273
0.160177282161
0.21826650402
0.608459030799
0.405208616959
0.0484117899277
0.0249796337226
0.137227299511
0.00798251996607
0.0783608828549
0.0254395512718
0.101993061066
0.0592329023042
0.00558601730416
0.0799209759685
0.0546814026003
0.0256011948944
0.5
0.5
0.120474964221
0.107572467563
0.0349824668863
0.170357833639
0.0265253654458
0.0475907330317
0.0254189831979
0.0327169198844
0.0766513467413
0.174920256741
0.0466244829337
0.256114715325
0.115420759024
0.163337885063
0.0145114927536
0.0222973212411
0.152119601326
0.00894959799437
0.5
0.5
0.0793994019855
0.0362801480019
0.0793106467334
0.0650061046038
0.143347878336
0.128074178525
0.102368920123
0.0471529663411
0.00134563238184
0.0541390174136
0.056687462776
0.0436871383816
0.0549075504336
0.145891591212
0.0554882128963
0.0381025053501
0.0438085701657
0.0211811228243
0.272629234
0.347849354092
0.053567841923
0.0253323234139
0.187592095445
0.0578850068417
0.0534468882049
0.5
0.0845476852431
0.183988045279
0.0885533561398
0.0531320224451
0.028880489583
0.0438699911113
0.0903176496798
0.223678434729
0.843595474312
0.0430481628296
0.184747781313
0.0360336889739
0.141018306615
0.16025595005
0.151054941285
0.0204713365404
0.00369018401237
0.0720194834303
0.0327143030451
0.0848278450481
0.5
0.0711949824509
0.206910699037
0.5
0.0727985434561
0.107280020722
0.0671346877644
0.117834666334
0.126106415825
0.206787585342
0.029822828618
0.0714879655313
0.0731420618485
0.00827650109087
0.174800596543
0.142677894425
0.0354008435862
0.0354029361957
0.152677986831
0.5
0.0431825759265
0.175324601199
0.0980777313101
0.012239036997
0.0784675707078
0.0315881682559
0.0744682894008
0.5
0.0960059006358
0.13557137229
0.0478773079861
0.064140321307
0.0706978858606
0.0263951263703
0.0177574300428
0.0138475440757
0.0787911809712
0.198571316999
0.0301962684466
0.138787176452
0.199255785799
0.0322642843414
1.0
0.0366526371557
0.0635710910497
0.0150509571548
0.00664573188924
0.148010956663
0.0775336452451
0.104512215974
0.0258280771209
0.0265591248338
0.5
0.210602449671
0.048201057364
0.0756339807152
0.00584884572936
0.148792213819
0.0200958108192
0.0505506022295
0.102029867573
0.131344095944
0.11640602423
0.5
0.0931400148116
0.0624570037911
0.219870348859
0.0542616566553
0.0251096636414
0.0151679886519
0.0779987411022
0.14986473521
0.0546409713701
0.0784391394483
0.0253723401421
0.139839324914
0.0532266912537
0.0845080027168
0.00876190123843
0.129718109308
0.0983576734686
0.0502771393298
0.0884054538949
0.5
0.5
0.0526281925803
0.449547270376
0.0908648187355
0.0312536780293
0.143067875867
0.0268753224861
0.0377026662392
0.0513685881407
0.0359859009638
0.104033796322
0.0768302926178
0.125443934489
0.0169032753702
0.149708772709
0.000802636164045
0.0144818173823
0.185746353264
0.01986273586
0.0316707470138
0.144042524182
0.0169405792475
0.189890513134
0.208070614311
0.192929647849
0.0814222715692
0.0216271824371
0.0391608395912
0.0791701967192
0.01656893608
0.00504776262607
0.0642981152142
0.183064654944
0.0395630221073
0.0159416859547
0.6932467237
0.5
0.090611793148
0.00473344227988
0.13702830401
1.0
0.152555615001
0.078890685288
0.284370438777
0.00618508417169
0.163691565477
0.0644512273818
0.507318251883
0.13609173288
0.0185784546614
0.0971774907446
0.00856343199133
0.0187025504098
0.0214895744131
0.0822407282863
0.0806256952756
0.0834560711167
0.207727861461
0.126113804426
0.0140007212996
0.018114882188
0.140419294524
0.046636941447
0.209999059478
0.000817250291028
0.172578885349
0.00346784644143
0.0132058672644
0.00465007473525
0.711033650956
0.00481004303141
0.305580999891
0.0339909518534
0.308354716409
0.172806652385
0.0644717011948
0.0847433864311
0.154269673383
0.0824685027178
0.160524311789
0.5
0.139603880388
0.0756960673636
0.0444985820055
0.0361663502725
0.044835579732
0.320334241102
0.134385405195
0.101611540215
0.0527629655916
0.115229897175
0.0620993547374
0.194727650568
0.0239363982548
0.0405185321514
0.0516889555364
0.150769562559
0.00532942493713
0.108030300153
0.0314835811691
0.0467741215807
0.0419610397463
0.0842227374362
0.0535419407962
0.247242384176
0.0719605737169
0.112483340716
0.0237365009889
0.120633845079
0.235093338847
0.108414980108
0.155021288818
0.00395508547773
0.0896520875129
0.0499852602694
0.100829126642
0.210017776194
0.129045951829
0.0694697573698
0.308104777038
0.00554623078895
0.129837894024
0.229061171287
0.0410438141703
0.0368364370515
0.0693252310854
0.148398000208
0.108386929528
0.5
0.0377597384069
0.309998859774
0.0957774674744
0.0390845811682
0.0330332690009
0.0632503721802
0.20512033728
0.0906575037135
0.200267374833
0.0254806448633
0.0707942503461
0.328239899292
0.0642324685545
0.0404800384012
0.103958569183
0.0624310668786
0.194056812726
0.0916295777593
0.0614221297437
0.0634957582571
0.150521952013
0.129153246505
0.0585878703497
0.127416609441
0.133125712927
0.050545864349
0.282661563581
0.127749996316
0.0122561539019
0.634963507842
0.0145046782879
0.0211431706762
0.0470636189864
0.156164813776
0.5
0.215357494097
0.0798622380446
0.5
0.0926644274439
0.132279593858
0.167237125798
0.186183627366
0.0621770649974
0.313802863221
0.106806666677
0.0977043204445
0.0124555855798
0.00533950576292
0.579494276847
0.0626311103461
0.0593334947673
0.143585822241
0.0200498400029
0.0847684656266
0.153270368376
0.19148454335
0.0685121797073
0.0181282306865
0.241095880103
0.0359213844253
0.104937770202
0.0384144277768
0.0724731158138
0.268524723667
0.10869744891
0.0402783611714
0.195225857374
0.122555105356
0.144113418113
0.0461785205546
0.194543845886
0.0234656968229
0.0752036369484
0.108821404688
0.0285125871335
0.00216630359271
0.209803011456
0.0218833115144
0.0544669317931
0.0916253529762
0.0648902726203
0.0439474891651
0.0871271976999
0.185506436113
0.0518807233118
0.0643185979901
0.0341271768452
0.102940181146
0.127375779477
0.134875106761
0.070180557661
0.0247827515506
0.0369219000606
0.14958654435
0.0279725314813
0.107537217873
0.0676460401731
0.0923458040572
0.095857843658
0.0379589474602
0.133651536842
0.199127662134
0.0882161592028
1.0
0.031092465584
0.0876743125403
0.139104187902
0.0404468296628
0.0702565997651
0.824786229873
0.0461223318825
0.0287374130486
0.073361058702
0.0364205920821
0.0815473571824
0.57194290842
0.115383961857
0.0793048652835
0.0193989125481
0.054217691933
0.0796388280442
0.0848292124628
0.19107305598
0.0381646224252
0.0372954962284
0.359881071019
0.0465982614191
0.103353521337
0.0667228711275
0.0230582271382
0.0377427819072
0.0430917523995
0.0519704447275
0.5
0.0623023113178
0.5
0.0894715758309
0.0264560524713
0.0610029708622
0.0500520375652
0.026736918322
0.00251579285667
0.0608666195413
0.0790189306966
0.0371158518502
0.00555812089024
0.0649319135026
0.0400611535605
0.0187842432707
0.0371697866372
0.00944567604613
0.0355431867885
0.198849398523
0.0453382131016
0.00590852371473
0.0928810705257
0.07537743017
0.117547819352
